2025/10/19-18:38:16.167100 50c8 RocksDB version: 9.2.1
2025/10/19-18:38:16.167194 50c8 Git sha 08f93221f50700f19f11555fb46abfe708a716d1
2025/10/19-18:38:16.167215 50c8 Compile date 2024-05-23 18:44:44
2025/10/19-18:38:16.167234 50c8 DB SUMMARY
2025/10/19-18:38:16.167250 50c8 Host name (Env):  DESKTOP-SH5AQ18
2025/10/19-18:38:16.167261 50c8 DB Session ID:  0H0NEB7Q0ZUV7Z06X37V
2025/10/19-18:38:16.168252 50c8 CURRENT file:  CURRENT
2025/10/19-18:38:16.168274 50c8 IDENTITY file:  IDENTITY
2025/10/19-18:38:16.168397 50c8 MANIFEST file:  MANIFEST-000030 size: 204 Bytes
2025/10/19-18:38:16.168422 50c8 SST files in data\rocksdb dir, Total Num: 1, files: 000008.sst 
2025/10/19-18:38:16.168436 50c8 Write Ahead Log file in data\rocksdb: 000029.log size: 0 ; 
2025/10/19-18:38:16.168842 50c8                         Options.error_if_exists: 0
2025/10/19-18:38:16.168852 50c8                       Options.create_if_missing: 1
2025/10/19-18:38:16.168857 50c8                         Options.paranoid_checks: 1
2025/10/19-18:38:16.168862 50c8             Options.flush_verify_memtable_count: 1
2025/10/19-18:38:16.168867 50c8          Options.compaction_verify_record_count: 1
2025/10/19-18:38:16.168871 50c8                               Options.track_and_verify_wals_in_manifest: 0
2025/10/19-18:38:16.168876 50c8        Options.verify_sst_unique_id_in_manifest: 1
2025/10/19-18:38:16.168881 50c8                                     Options.env: 000001CC4DAD8170
2025/10/19-18:38:16.168886 50c8                                      Options.fs: WinFS
2025/10/19-18:38:16.168891 50c8                                Options.info_log: 000001CC4DB0B800
2025/10/19-18:38:16.168896 50c8                Options.max_file_opening_threads: 16
2025/10/19-18:38:16.168900 50c8                              Options.statistics: 0000000000000000
2025/10/19-18:38:16.168905 50c8                               Options.use_fsync: 0
2025/10/19-18:38:16.168910 50c8                       Options.max_log_file_size: 0
2025/10/19-18:38:16.168914 50c8                  Options.max_manifest_file_size: 1073741824
2025/10/19-18:38:16.168919 50c8                   Options.log_file_time_to_roll: 0
2025/10/19-18:38:16.168924 50c8                       Options.keep_log_file_num: 1000
2025/10/19-18:38:16.168929 50c8                    Options.recycle_log_file_num: 0
2025/10/19-18:38:16.168933 50c8                         Options.allow_fallocate: 1
2025/10/19-18:38:16.168938 50c8                        Options.allow_mmap_reads: 0
2025/10/19-18:38:16.168943 50c8                       Options.allow_mmap_writes: 0
2025/10/19-18:38:16.168947 50c8                        Options.use_direct_reads: 0
2025/10/19-18:38:16.168952 50c8                        Options.use_direct_io_for_flush_and_compaction: 0
2025/10/19-18:38:16.168957 50c8          Options.create_missing_column_families: 0
2025/10/19-18:38:16.168961 50c8                              Options.db_log_dir: 
2025/10/19-18:38:16.168966 50c8                                 Options.wal_dir: 
2025/10/19-18:38:16.168970 50c8                Options.table_cache_numshardbits: 6
2025/10/19-18:38:16.168975 50c8                         Options.WAL_ttl_seconds: 0
2025/10/19-18:38:16.168980 50c8                       Options.WAL_size_limit_MB: 0
2025/10/19-18:38:16.168984 50c8                        Options.max_write_batch_group_size_bytes: 1048576
2025/10/19-18:38:16.168989 50c8             Options.manifest_preallocation_size: 4194304
2025/10/19-18:38:16.168994 50c8                     Options.is_fd_close_on_exec: 1
2025/10/19-18:38:16.168998 50c8                   Options.advise_random_on_open: 1
2025/10/19-18:38:16.169003 50c8                    Options.db_write_buffer_size: 0
2025/10/19-18:38:16.169007 50c8                    Options.write_buffer_manager: 000001CC4DAD5CE0
2025/10/19-18:38:16.169012 50c8           Options.random_access_max_buffer_size: 1048576
2025/10/19-18:38:16.169017 50c8                      Options.use_adaptive_mutex: 0
2025/10/19-18:38:16.169022 50c8                            Options.rate_limiter: 0000000000000000
2025/10/19-18:38:16.169036 50c8     Options.sst_file_manager.rate_bytes_per_sec: 0
2025/10/19-18:38:16.169068 50c8                       Options.wal_recovery_mode: 2
2025/10/19-18:38:16.169075 50c8                  Options.enable_thread_tracking: 0
2025/10/19-18:38:16.169081 50c8                  Options.enable_pipelined_write: 0
2025/10/19-18:38:16.169085 50c8                  Options.unordered_write: 0
2025/10/19-18:38:16.169089 50c8         Options.allow_concurrent_memtable_write: 1
2025/10/19-18:38:16.169094 50c8      Options.enable_write_thread_adaptive_yield: 1
2025/10/19-18:38:16.169098 50c8             Options.write_thread_max_yield_usec: 100
2025/10/19-18:38:16.169103 50c8            Options.write_thread_slow_yield_usec: 3
2025/10/19-18:38:16.169107 50c8                               Options.row_cache: None
2025/10/19-18:38:16.169111 50c8                              Options.wal_filter: None
2025/10/19-18:38:16.169116 50c8             Options.avoid_flush_during_recovery: 0
2025/10/19-18:38:16.169120 50c8             Options.allow_ingest_behind: 0
2025/10/19-18:38:16.169125 50c8             Options.two_write_queues: 0
2025/10/19-18:38:16.169129 50c8             Options.manual_wal_flush: 0
2025/10/19-18:38:16.169133 50c8             Options.wal_compression: 0
2025/10/19-18:38:16.169137 50c8             Options.atomic_flush: 0
2025/10/19-18:38:16.169142 50c8             Options.avoid_unnecessary_blocking_io: 0
2025/10/19-18:38:16.169146 50c8                 Options.persist_stats_to_disk: 0
2025/10/19-18:38:16.169151 50c8                 Options.write_dbid_to_manifest: 0
2025/10/19-18:38:16.169155 50c8                 Options.log_readahead_size: 0
2025/10/19-18:38:16.169159 50c8                 Options.file_checksum_gen_factory: Unknown
2025/10/19-18:38:16.169164 50c8                 Options.best_efforts_recovery: 0
2025/10/19-18:38:16.169168 50c8                Options.max_bgerror_resume_count: 2147483647
2025/10/19-18:38:16.169173 50c8            Options.bgerror_resume_retry_interval: 1000000
2025/10/19-18:38:16.169177 50c8             Options.allow_data_in_errors: 0
2025/10/19-18:38:16.169181 50c8             Options.db_host_id: __hostname__
2025/10/19-18:38:16.169186 50c8             Options.enforce_single_del_contracts: true
2025/10/19-18:38:16.169190 50c8             Options.max_background_jobs: 2
2025/10/19-18:38:16.169195 50c8             Options.max_background_compactions: -1
2025/10/19-18:38:16.169199 50c8             Options.max_subcompactions: 1
2025/10/19-18:38:16.169204 50c8             Options.avoid_flush_during_shutdown: 0
2025/10/19-18:38:16.169208 50c8           Options.writable_file_max_buffer_size: 1048576
2025/10/19-18:38:16.169212 50c8             Options.delayed_write_rate : 16777216
2025/10/19-18:38:16.169217 50c8             Options.max_total_wal_size: 0
2025/10/19-18:38:16.169221 50c8             Options.delete_obsolete_files_period_micros: 21600000000
2025/10/19-18:38:16.169226 50c8                   Options.stats_dump_period_sec: 600
2025/10/19-18:38:16.169230 50c8                 Options.stats_persist_period_sec: 600
2025/10/19-18:38:16.169235 50c8                 Options.stats_history_buffer_size: 1048576
2025/10/19-18:38:16.169239 50c8                          Options.max_open_files: -1
2025/10/19-18:38:16.169244 50c8                          Options.bytes_per_sync: 0
2025/10/19-18:38:16.169248 50c8                      Options.wal_bytes_per_sync: 0
2025/10/19-18:38:16.169252 50c8                   Options.strict_bytes_per_sync: 0
2025/10/19-18:38:16.169257 50c8       Options.compaction_readahead_size: 2097152
2025/10/19-18:38:16.169261 50c8                  Options.max_background_flushes: -1
2025/10/19-18:38:16.169266 50c8 Options.daily_offpeak_time_utc: 
2025/10/19-18:38:16.169277 50c8 Compression algorithms supported:
2025/10/19-18:38:16.169287 50c8 	kZSTD supported: 1
2025/10/19-18:38:16.169292 50c8 	kSnappyCompression supported: 1
2025/10/19-18:38:16.169296 50c8 	kBZip2Compression supported: 0
2025/10/19-18:38:16.169301 50c8 	kZlibCompression supported: 1
2025/10/19-18:38:16.169305 50c8 	kLZ4Compression supported: 1
2025/10/19-18:38:16.169328 50c8 	kXpressCompression supported: 0
2025/10/19-18:38:16.169335 50c8 	kLZ4HCCompression supported: 1
2025/10/19-18:38:16.169339 50c8 	kZSTDNotFinalCompression supported: 1
2025/10/19-18:38:16.169350 50c8 Fast CRC32 supported: Not supported on x86
2025/10/19-18:38:16.169355 50c8 DMutex implementation: std::mutex
2025/10/19-18:38:16.169360 50c8 Jemalloc supported: 0
2025/10/19-18:38:16.170054 50c8 [WARN] [db\db_impl\db_impl_open.cc:2298] DB::Open() failed: IO error: Failed to create lock file: data\rocksdb/LOCK: The process cannot access the file because it is being used by another process.
2025/10/19-18:38:16.170112 50c8 [db\db_impl\db_impl.cc:499] Shutdown: canceling all background work
2025/10/19-18:38:16.170199 50c8 [db\db_impl\db_impl.cc:692] Shutdown complete
